374
856
642
395
437
741
62
666
695
221
498
660
412
160
643
227
102
614
90
471
469
787
981
912
308
272
237
364
725
215
527
98
71
168
844
859
261
257
524
955
477
22
966
240
533
961
466
634
574
908
104
395
46
84
658
353
708
894
69
432
461
947
881
883
467
724
741
727
980
265
33
808
638
351
47
170
311
864
156
236
771
259
630
817
695
639
521
754
533
589
185
345
888
417
227
354
140
967
432
471
583
464
630
220
814
28
742
476
891
897
712
662
507
693
478
553
684
350
306
568
291
842
912
178
258
138
883
749
456
314
219
39
129
200
610
295
227
703
122
470
951
185
131
810
230
960
362
913
309
20
480
599
213
391
128
471
880
10
219
335
675
790
725
804
341
687
450
920
389
571
389
692
756
519
501
985
830
214
897
490
585
728
441
798
470
568
268
349
930
838
35
604
979
760
759
320
798
208
239
538
779
627
229
886
497
729
870
678
295
118
519
879
845
959
28
314
879
647
14
808
485
48
763
815
159
522
486
308
729
724
846
859
702
74
744
550
155
965
579
801
434
98
679
278
408
707
943
286
353
308
445
189
708
208
356
218
81
841
526
809
565
371
20
618
796
115
520
950
80
98
750
513
547
781
143
955
839
437
592
543
745
37
84
804
596
439
-1
676
279
898
836
195
268
855
165
416
970
684
717
401
781
819
265
328
599
407
634
789
196
225
683
292
261
766
95
208
556
115
883
187
13
719
381
632
925
545
399
246
228
116
646
361
934
911
40
884
669
673
24
864
897
706
507
510
824
601
717
379
68
952
917
432
670
298
415
594
194
814
192
774
929
837
134
214
99
525
97
120
549
472
335
445
177
842
306
352
442
375
83
861
326
999
292
347
648
707
292
842
520
483
615
800
320
100
13
770
976
461
889
524
284
576
320
460
417
626
164
210
352
598
71
677
596
714
23
244
420
314
437
291
797
403
90
468
502
454
589
829
266
830
352
549
405
671
361
173
648
524
734
999
121
804
675
68
870
49
663
289
363
99
580
511
501
21
330
354
475
918
182
740
747
533
641
503
556
1
675
203
524
409
554
996
564
580
63
433
629
726
74
343
176
653
853
677
25
534
382
851
451
564
591
550
448
231
52
355
583
727
558
106
487
463
453
50
42
867
835
22
944
908
364
120
912
568
148
936
101
529
787
552
444
729
453
244
311
504
598
893
230
507
350
68
969
154
470
11
20
304
384
964
563
748
435
474
315
582
761
768
462
899
671
906
979
123
149
641
626
746
885
208
253
586
275
573
739
744
935
759
47
319
74
961
66
508
434
732
441
547
499
902
797
521
159
776
643
659
768
269
405
653
828
9
238
102
933
329
846
868
439
244
186
512
205
603
371
990
334
811
888
185
712
685
705
223
812
700
881
579
320
637
231
147
645
821
600
578
149
797
797
587
41
982
450
597
936
820
938
621
982
826
805
45
862
862
267
673
913
148
251
232
784
834
730
781
654
329
710
154
126
506
92
518
839
893
466
774
64
755
394
45
580
551
89
793
764
708
465
676
855
716
259
990
549
988
122
554
668
831
707
145
688
150
662
878
42
479
3
105
234
749
501
165
651
589
958
414
648
422
441
854
489
699
844
389
38
317
942
705
500
1000
850
539
501
863
417
542
342
771
998
575
519
498
91
169
439
48
934
86
822
374
292
310
424
135
699
461
803
992
518
302
344
367
841
844
581
609
386
922
379
735
848
250
585
291
770
23
338
704
460
511
429
751
821
205
237
871
17
40
214
534
693
557
252
533
401
833
141
138
106
872
872
954
121
456
244
890
830
933
945
290
444
726
392
616
930
629
838
946
20
51
832
712
608
83
597
360
267
89
497
373
960
368
678
80
176
273
322
5
557
618
646
352
343
38
967
624
18
156
922
389
207
753
100
166
187
48
525
454
137
21
826
96
740
855
528
267
127
849
272
683
466
269
35
161
306
353
784
675
509
57
63
67
809
515
584
996
562
108
801
698
480
978
146
571
832
673
838
310
873
461
344
690
729
378
850
387
83
986
61
943
42
476
361
203
342
944
550
903
51
350
953
882
679
98
452
510
770
289
171
642
749
514
331
830
244
533
216
326
870
628
620
263
103
980
465
444
923
366
699
325
67
651
206
745
100
657
606
221
298
776
862
46
290
544
227
533
428
442
210
297
70
829
912
524
160
728
320
82
94
370
406
512
372
611
257
471
619
214
691
916
990
904
314
631
799
540
515
579
982
724
227
403
904
138
278
63
866
949
496
959
318
901
470
41
863
78
511
481
292
553
397
633
808
62
263
959
601
777
537
934
852
763
688
107
901
966
521
118
914
16
428
584
916
249
624
130
327
487
610
970
39
358
602
199
419
216
157
372
344
45
305
547
807
345
653
59
310
173
528
575
188
955
510
455
204
134
936
882
972
545
851
10
255
804
560
25
19
68
396
714
112
53
260
271
397
912
681
58
436
209
632
623
163
494
429
718
627
716
599
598
260
449
959
866
604
871
891
622
938
638
335
50
42
946
672
790
857
352
847
292
912
831
266
75
324
46
144
302
761
743
251
373
543
561
238
147
431
480
120
369
470
807
770
511
752
793
301
961
144
499
252
56
329
870
482
-1
915
625
305
28
719
555
400
614
116
989
112
898
821
583
266
290
741
387
152
493
179
804
805
675
303
408
82
631
277
563
635
544
539
291
571
610
198
322
223
313
310
686
210
482
268
828
771
9
566
923
853
97
78
657
771
380
416
852
363
693
766
349
588
656
639
158
617
836
831
191
500
492
876
62
974
496
889
744
504
806
18
708
902
96
716
672
827
131
875
189
823
992
537
762
648
528
271
616
715
101
807
215
593
682
628
566
529
516
661
32
321
31
739
575
478
806
246
304
937
473
845
111
464
733
873
463
612
143
79
327
244
885
893
188
918
520
105
447
387
765
830
59
147
921
633
976
726
231
632
662
703
476
773
166
560
645
629
172
787
707
850
30
591
742
569
860
261
673
306
999
438
-1
57
936
408
690
912
133
920
543
147
622
370
919
139
929
563
767
452
701
825
301
83
767
42
651
627
654
324
284
652
113
771
709
48
178
750
311
663
21
853
809
642
574
79
132
503
-1
899
954
693
723
255
127
490
648
778
468
302
453
751
305
565
874
365
964
403
114
275
417
134
479
225
127
53
303
259
907
647
509
212
340
583
-1
466
424
466
595
891
119
47
994
423
963
-1
788
927
621
253
553
38
387
383
614
513
435
269
123
693
915
631
905
606
566
722
72
989
187
666
232
305
65
225
80
27
443
219
953
415
471
857
804
857
240
418
722
26
38
196
719
952
179
623
558
744
344
981
84
883
998
315
539
62
891
618
89
685
836
393
100
659
602
903
867
841
672
588
218
709
136
936
13
314
910
-1
57
606
902
140
488
899
807
26
313
697
996
753
382
183
497
481
841
98
735
708
290
759
647
508
467
782
795
831
95
705
752
503
310
653
995
149
904
801
174
216
849
169
968
230
352
816
62
544
914
149
251
555
907
898
414
725
679
209
556
126
265
307
980
926
312
974
74
215
126
247
782
975
768
749
556
471
916
970
14
829
118
265
384
376
514
149
100
544
357
7
669
621
666
649
898
977
974
971
543
452
570
324
778
337
424
685
807
339
654
820
168
771
436
903
498
949
51
950
493
760
956
513
732
621
513
630
949
839
600
491
290
169
814
419
857
237
103
15
576
757
187
95
879
622
349
377
923
751
326
767
862
633
631
594
254
144
223
202
982
174
45
623
695
858
41
903
447
143
918
22
251
104
468
130
77
168
858
999
918
183
117
132
815
748
725
420
-1
299
974
224
824
18
198
518
227
590
421
673
732
690
694
983
793
513
464
221
680
321
572
950
855
688
81
669
435
157
441
677
455
414
252
630
783
449
148
9
390
920
682
122
961
727
456
105
240
919
325
271
591
896
572
445
936
4
465
722
160
905
399
966
670
2
948
452
803
95
461
192
366
494
665
678
220
120
782
811
390
458
434
332
354
357
776
641
361
241
362
872
497
112
190
167
114
137
970
268
583
782
459
300
275
124
977
847
595
758
657
337
215
442
668
920
799
444
560
159
36
274
382
884
385
571
402
850
59
372
117
641
505
928
940
780
51
268
978
997
377
986
333
592
428
1
863
226
796
775
736
183
48
469
66
784
392
468
986
450
191
102
91
695
29
382
826
431
2
803
428
378
141
112
321
568
112
184
145
259
310
232
793
709
700
859
492
91
678
477
541
220
931
983
266
311
716
92
742
717
246
169
95
738
280
415
305
744
950
801
354
259
32
147
319
732
357
163
174
34
639
714
605
921
48
870
232
116
313
973
832
911
493
278
648
124
45
953
219
994
753
573
605
137
71
923
868
427
85
41
812
76
107
416
348
506
637
579
621
950
903
805
860
747
82
507
223
126
811
441
472
916
365
428
52
435
702
271
213
787
663
24
214
769
791
561
627
428
492
247
377
746
51
588
493
133
94
715
610
257
507
433
524
872
860
927
306
562
549
519
700
211
894
265
332
685
177
958
112
668
556
488
414
607
75
258
91
520
972
52
128
478
485
3
701
696
929
359
609
829
229
660
40
122
924
723
806
453
32
269
472
587
756
237
193
182
494
635
54
817
687
181
647
523
536
347
570
816
57
179
645
285
190
-1
407
466
758
564
918
789
833
389
375
940
626
920
474
471
554
527
288
592
59
286
466
594
984
36
762
41
566
406
325
755
89
83
220
198
647
-1
986
831
230
360
122
207
631
595
677
185
473
316
128
884
601
594
829
937
981
590
977
546
995
301
300
435
736
872
632
382
712
617
564
941
329
685
499
959
632
176
495
104
843
975
987
796
568
168
732
548
757
708
445
752
360
96
186
95
319
170
828
31
138
391
323
466
428
822
777
59
349
623
514
191
597
853
986
516
20
69
63
776
776
859
879
488
955
417
934
273
586
762
655
723
504
978
541
283
799
317
341
499
939
207
689
536
59
27
51
78
95
466
205
871
324
84
710
630
500
643
903
437
756
909
511
612
886
51
894
36
367
587
534
658
793
575
545
851
601
947
280
695
764
484
917
440
567
626
69
418
621
323
206
728
232
717
691
469
767
585
505
486
523
390
495
667
964
39
517
916
985
148
611
749
631
527
188
550
505
608
319
477
931
525
556
514
593
247
982
711
183
838
196
57
228
42
723
543
80
591
459
417
738
421
517
720
947
56
621
803
15
940
631
945
816
539
810
408
785
792
118
319
629
666
375
208
707
97
751
139
687
561
907
424
981
775
495
279
182
116
434
196
55
416
493
222
954
-1
981
90
445
450
408
74
115
782
633
174
230
383
664
916
295
922
691
275
696
538
906
229
653
691
424
59
106
268
280
60
570
612
149
14
61
557
439
528
-1
72
701
920
806
716
187
101
637
230
727
684
767
984
264
419
674
687
829
780
955
460
839
876
71
339
241
131
895
680
658
937
103
710
208
908
425
394
360
413
975
439
448
741
774
711
511
448
750
691
579
56
150
769
283
220
107
523
351
354
554
8
290
656
718
497
916
494
242
627
907
569
417
706
309
191
417
172
990
518
862
568
573
12
336
855
231
442
729
933
147
283
941
788
290
10
636
557
503
878
184
761
446
952
467
106
142
235
629
131
752
843
50
324
854
385
530
436
179
610
721
677
892
661
465
534
22
100
90
524
329
625
285
774
577
103
232
70
337
860
553
88
54
602
763
259
339
644
695
869
253
767
545
145
779
9
30
800
109
119
675
789
96
959
915
24
61
146
93
749
-1
645
836
411
599
598
669
937
593
715
805
846
481
349
342
259
710
371
410
170
841
85
958
936
395
872
959
808
369
404
556
726
48
392
136
646
341
156
934
934
871
738
779
703
439
472
314
148
842
723
317
34
807
626
970
202
498
280
9
866
683
564
943
83
307
430
80
1000
586
14
933
808
751
63
510
541
534
823
688
727
898
356
760
704
982
81
257
831
361
265
48
395
181
991
829
839
420
909
838
357
274
122
164
24
184
26
565
69
200
604
147
97
960
259
153
293
339
409
475
51
26
522
798
206
864
626
396
636
886
234
344
159
355
860
535
891
885
451
311
436
54
810
533
365
68
685
9
406
445
483
809
470
357
606
27
572
231
423
207
117
656
551
627
362
410
161
604
646
611
915
81
17
724
965
733
791
649
742
548
94
576
356
915
932
961
942
504
544
364
62
12
371
964
638
732
373
799
336
18
761
602
451
777
677
415
862
467
416
603
366
861
530
722
775
814
34
716
669
577
431
730
588
801
694
578
885
-1
728
572
788
488
173
238
617
849
4
478
667
419
432
32
279
961
105
406
774
139
121
442
715
904
524
655
704
569
-1
940
986
959
511
773
798
35
362
766
883
366
243
901
784
26
285
415
339
389
820
464
527
292
906
242
195
781
248
899
349
479
190
334
789
701
459
586
735
820
352
970
537
946
870
321
324
154
87
662
543
906
125
421
197
382
14
744
162
261
994
510
739
183
196
879
883
6
465
970
825
168
939
362
465
160
34
788
666
472
449
560
377
574
980
925
955
994
668
469
254
13
978
345
196
525
223
430
530
39
399
707
206
689
420
671
849
805
810
514
276
259
73
652
832
404
928
138
397
948
606
3
960
936
347
507
812
569
937
342
960
687
400
517
376
819
539
-1
623
349
441
898
607
865
901
790
268
180
927
17
127
885
19
439
172
365
945
983
285
233
676
244
920
427
761
647
245
299
222
219
999
662
468
605
526
720
394
145
900
673
161
26
909
179
816
80
895
113
414
180
345
442
775
616
868
887
262
465
538
835
35
536
496
503
141
373
222
886
870
121
910
30
499
818
561
666
249
455
778
15
634
475
808
409
90
675
295
704
491
184
538
526
720
386
28
860
110
601
97
979
722
7
9
572
176
921
589
777
375
367
143
9
841
950
769
282
976
415
985
467
599
523
992
318
260
19
529
369
619
977
348
692
335
708
615
863
628
204
639
2
922
133
362
114
82
130
395
57
897
732
523
847
606
514
164
865
884
44
233
855
20
932
898
707
639
865
569
618
68
207
620
341
691
333
454
772
815
200
180
711
931
55
557
536
920
72
400
804
467
633
10
838
564
907
544
555
771
112
172
190
670
-1
530
360
476
335
483
290
535
663
1000
465
717
908
1
636
331
752
791
797
736
800
634
652
59
178
206
181
641
377
723
311
520
252
670
347
939
153
636
473
167
987
289
883
894
289
870
224
393
13
20
128
812
5
779
222
534
984
403
175
713
125
485
584
728
506
930
18
658
917
490
824
903
131
58
796
771
280
371
163
292
742
291
455
746
69
677
280
405
431
806
469
907
290
404
986
795
333
4
805
249
845
628
503
975
38
298
746
317
668
908
608
761
550
62
506
971
90
137
375
520
942
195
426
583
598
412
730
282
415
534
530
259
513
384
586
550
681
331
218
700
590
825
460
140
239
317
110
328
806
836
848
747
382
625
682
979
36
411
260
802
296
141
413
160
524
998
710
556
680
279
255
269
456
66
760
694
734
221
21
539
408
220
638
789
845
319
767
232
81
378
386
376
518
798
535
41
147
596
596
826
227
202
446
682
619
558
375
353
778
747
891
186
319
528
326
515
198
445
746
278
822
131
5
340
280
540
732
426
487
680
603
713
233
49
394
852
606
120
556
735
867
446
272
537
326
598
51
523
42
148
801
215
279
805
554
910
696
638
336
183
669
938
247
901
338
641
104
295
112
659
30
-1
105
653
866
430
602
916
952
643
64
104
210
694
909
115
603
956
752
938
138
772
228
385
673
917
377
128
212
488
787
593
818
243
597
683
24
199
951
327
193
366
783
402
59
691
517
661
646
620
951
136
392
530
872
416
446
248
895
9
87
681
953
256
275
550
291
650
748
241
329
940
606
111
694
16
153
210
676
150
181
978
285
572
859
508
339
305
107
234
665
194
266
618
801
893
519
91
542
618
331
870
909
288
332
602
303
484
163
331
634
344
308
270
267
167
778
958
823
236
191
839
429
456
808
230
348
326
672
242
295
3
463
204
290
795
805
945
278
968
275
263
663
934
533
281
100
662
238
274
897
428
465
678
236
272
259
935
950
282
176
244
284
639
447
926
785
604
870
62
923
496
677
585
429
561
865
881
574
103
154
822
882
970
499
117
242
109
52
543
391
579
786
26
569
585
303
705
188
524
767
110
19
795
46
448
355
910
328
928
364
833
749
246
803
600
714
44
60
117
938
802
696
723
180
616
307
482
321
846
6
439
955
24
233
352
823
939
262
150
866
977
335
966
222
137
565
936
532
977
404
469
778
451
543
309
67
202
791
739
47
148
529
354
523
113
705
346
51
318
847
268
295
181
233
868
669
150
155
200
478
559
668
607
9
211
916
427
764
706
165
810
205
693
515
727
157
220
424
207
889
271
474
183
803
59
403
472
560
557
23
37
115
691
643
476
253
910
902
16
967
419
177
171
463
692
898
620
263
673
826
151
295
652
686
450
62
88
921
621
996
943
9
111
985
3
586
589
913
839
956
879
257
485
50
720
528
299
339
790
323
516
292
618
167
329
67
580
768
339
552
764
633
560
226
970
915
163
910
827
1
866
57
258
702
458
977
229
108
667
370
431
182
13
48
701
342
466
280
109
156
832
872
788
743
449
757
657
611
19
835
612
236
892
869
937
349
197
517
457
863
886
239
396
898
638
96
239
103
376
700
258
207
923
397
949
372
506
958
982
524
792
593
759
683
813
695
384
9
211
192
223
448
430
619
345
67
66
936
521
441
635
130
999
557
526
300
280
31
257
262
554
48
206
664
83
19
710
466
379
272
657
954
719
438
572
416
504
637
351
24
430
337
153
428
245
30
79
525
61
335
786
966
735
991
982
817
361
691
282
740
963
290
693
33
727
616
448
582
604
798
605
33
134
109
813
731
490
243
255
902
578
392
220
312
734
201
480
95
891
761
834
205
402
878
238
128
493
685
709
448
835
665
833
320
125
997
50
614
239
304
516
-1
695
87
479
429
287
958
875
529
70
708
734
823
937
323
950
429
7
10
876
193
26
708
513
150
704
562
116
295
866
983
462
912
69
941
692
355
250
566
235
672
625
968
494
561
290
796
341
649
157
569
841
183
628
705
684
684
267
151
978
484
133
439
747
553
731
439
259
333
356
494
4
981
813
849
893
455
644
234
103
153
802
295
335
429
1000
370
112
618
521
89
101
5
880
199
558
610
637
816
942
345
309
297
-1
474
146
217
928
141
802
30
293
603
676
979
384
27
701
495
644
221
936
96
225
167
295
134
776
283
302
70
627
610
366
303
435
863
872
362
356
673
391
648
276
419
979
11
445
679
505
441
251
792
888
827
958
534
961
86
169
262
507
795
223
872
450
658
87
321
19
442
993
762
441
620
532
771
630
976
449
487
768
51
630
8
878
940
541
838
377
709
451
883
-1
673
106
657
682
192
977
701
985
321
814
426
293
345
196
922
672
997
760
440
47
390
799
924
681
339
113
57
400
563
939
607
588
44
263
269
588
591
321
572
911
134
997
203
478
545
477
150
541
236
941
587
977
739
863
657
429
975
713
180
538
3
786
477
47
400
745
986
990
66
557
901
199
906
455
29
450
931
178
990
519
470
928
847
560
790
504
340
117
568
520
6
571
657
482
969
57
226
306
398
291
862
298
842
767
105
870
568
387
399
557
905
868
837
752
779
626
607
118
94
526
637
99
448
294
580
768
702
806
73
99
448
935
749
641
53
853
510
621
591
260
529
496
127
365
599
257
343
557
375
436
82
11
535
882
656
466
649
709
623
722
808
71
8
908
63
60
112
573
32
702
184
561
549
311
277
499
919
619
407
293
407
489
304
941
722
311
758
370
20
381
91
179
451
450
86
513
510
549
437
541
250
621
453
151
283
730
649
201
700
56
494
106
896
149
398
617
811
156
338
830
536
781
360
338
230
445
202
739
345
639
632
595
611
436
97
245
165
97
797
217
152
290
322
399
790
720
367
601
227
705
782
762
485
142
451
66
938
652
805
283
642
788
229
252
223
677
496
740
773
293
956
277
934
277
675
76
348
42
28
926
98
161
39
934
654
489
999
592
141
155
226
782
294
806
386
869
834
233
608
606
525
563
882
811
191
557
238
891
950
617
168
399
777
207
684
431
47
682
374
187
189
951
321
482
108
706
702
941
938
309
546
815
223
780
977
766
688
566
8
637
182
175
387
958
733
70
740
780
103
465
318
643
767
638
477
874
343
178
166
633
487
64
447
61
843
775
826
530
340
185
518
521
712
904
830
444
325
922
575
427
386
893
422
153
530
898
378
225
75
544
857
561
959
655
974
801
429
799
330
768
336
847
640
47
102
469
842
778
390
417
556
128
309
977
632
838
874
9
414
949
904
270
861
862
276
834
14
704
985
695
823
320
893
462
718
994
931
559
771
672
975
679
799
283
655
430
473
529
791
238
829
46
508
41
260
783
875
273
839
211
968
661
882
860
123
599
206
405
157
328
76
484
6
875
766
13
656
590
541
446
828
721
844
687
761
103
821
987
727
659
197
694
672
430
906
146
28
463
550
537
790
977
20
148
851
785
160
859
727
52
656
906
772
499
592
884
601
412
871
680
423
419
725
94
849
630
591
876
92
140
412
234
116
431
381
319
568
540
177
646
591
184
551
714
683
142
597
635
905
467
314
327
886
39
772
734
20
714
961
464
853
725
697
321
155
77
639
74
968
167
719
558
350
269
271
384
762
219
19
667
686
684
345
923
74
469
8
94
182
968
557
387
692
253
707
199
681
697
272
648
215
343
557
564
963
179
300
725
397
670
743
82
353
439
356
779
907
363
872
89
331
780
475
374
384
533
572
64
-1
196
63
-1
890
619
358
852
797
9
928
193
678
670
627
383
109
982
161
367
345
384
807
27
515
633
400
898
165
324
313
745
871
727
187
760
345
897
963
493
905
891
37
583
912
15
317
372
997
477
739
693
212
545
719
726
530
470
975
694
145
287
439
15
13
977
774
709
225
737
553
130
627
589
64
890
956
732
262
952
560
352
996
771
248
-1
496
777
535
822
823
680
108
261
46
472
589
820
532
814
908
84
295
886
24
710
775
979
441
388
282
1000
739
277
122
987
694
969
115
229
790
937
260
249
549
305
720
138
476
603
303
383
38
-1
268
61
10
43
392
450
430
25
801
521
654
274
507
347
242
973
927
383
910
186
631
458
843
702
595
318
304
249
53
341
197
320
753
558
714
496
7
144
521
159
16
526
784
522
872
377
494
799
759
755
336
389
213
178
442
159
848
97
760
900
789
956
571
894
866
285
389
224
780
261
383
795
786
518
668
658
895
161
808
653
268
143
394
480
321
835
638
520
932
749
419
720
57
989
613
922
625
354
145
404
966
527
198
752
397
865
761
291
378
568
943
645
710
336
124
382
523
113
253
806
862
23
877
918
364
842
839
988
195
335
392
160
862
589
263
258
454
23
900
831
942
842
827
4
530
302
737
404
766
990
209
627
12
85
896
375
926
86
363
472
421
754
984
634
694
598
243
147
621
142
329
914
335
155
917
216
808
654
619
574
995
827
552
6
264
448
733
541
885
95
13
657
200
348
642
893
945
884
392
917
377
72
831
64
579
99
279
386
104
898
959
98
76
511
456
339
310
188
880
194
634
244
203
833
591
844
77
887
80
468
804
808
892
986
871
470
436
502
855
892
399
814
341
826
676
796
165
985
335
44
530
968
639
84
152
229
928
581
467
359
400
622
166
291
959
389
760
395
890
967
286
640
132
978
465
807
126
981
143
460
376
24
780
14
108
283
594
35
863
61
745
263
682
262
905
641
650
665
387
891
983
24
882
114
1
699
272
126
679
766
938
55
789
69
420
896
351
14
930
566
426
26
828
459
288
732
451
289
748
837
180
82
212
413
195
565
111
818
42
142
583
979
196
372
399
615
267
750
980
549
315
405
926
494
864
213
577
666
502
677
503
33
758
66
445
305
630
908
122
24
49
57
2
596
780
753
562
398
502
542
298
168
298
224
13
513
436
589
179
289
617
33
321
375
98
118
679
80
25
152
103
73
560
456
668
339
208
229
737
61
122
386
580
420
609
592
932
45
533
110
685
149
142
6
523
592
475
553
671
499
705
125
571
616
580
590
955
788
818
43
200
940
428
780
711
389
371
642
785
903
104
469
52
597
826
926
188
300
479
210
798
535
334
720
150
266
309
456
405
479
850
604
770
630
383
480
18
106
473
802
8
576
622
411
173
448
337
712
747
815
274
897
701
959
968
850
224
629
658
628
107
507
584
228
136
966
707
505
71
179
306
431
107
280
841
631
727
529
694
825
343
967
73
43
278
41
245
853
21
902
481
127
760
416
706
896
381
764
752
804
294
410
234
400
689
426
382
415
955
76
591
649
394
664
692
671
56
288
524
76
189
356
554
300
771
259
547
503
22
299
306
315
708
891
67
396
317
448
162
271
875
752
919
269
767
962
291
174
601
814
249
141
521
154
441
643
412
987
146
785
285
803
452
992
694
870
739
362
317
900
984
192
4
254
812
122
216
102
296
168
916
896
309
788
50
749
431
813
735
576
950
372
378
401
715
423
270
454
784
938
705
767
481
60
21
292
182
588
394
829
755
661
724
63
448
125
163
230
938
250
157
887
621
535
639
335
309
260
140
445
549
197
211
30
256
583
673
437
170
66
617
277
78
341
691
878
465
854
107
754
103
264
640
75
150
630
761
810
889
901
254
438
97
817
467
352
399
491
141
921
909
757
549
986
449
239
215
266
92
674
19
546
289
11
972
438
640
733
-1
529
633
853
318
81
669
784
784
419
626
276
339
534
385
887
520
833
126
86
450
569
759
469
-1
47
479
438
836
470
522
435
998
506
639
315
586
307
450
722
725
76
997
416
961
381
654
832
566
131
918
-1
52
676
835
518
75
665
307
910
135
181
696
484
686
334
151
624
992
952
345
69
379
341
484
340
74
137
171
991
268
440
5
319
116
192
188
542
208
846
803
342
26
499
178
712
832
680
335
824
631
31
892
362
723
727
701
796
863
223
786
482
663
143
152
130
686
691
671
893
537
825
587
562
323
764
625
507
795
311
330
425
341
573
138
64
651
838
211
865
413
997
347
427
491
850
556
176
541
578
68
77
402
654
990
77
769
967
583
563
277
264
340
970
188
477
385
838
667
595
702
79
943
400
857
433
250
412
960
142
341
28
218
94
33
559
170
802
525
752
716
154
15
407
475
554
884
859
391
902
805
93
332
748
844
188
532
445
951
492
586
291
871
155
736
903
714
906
56
590
9
124
743
376
530
217
929
765
427
320
666
232
764
997
331
959
184
862
404
134
705
989
776
927
496
512
182
209
769
589
798
777
712
893
504
594
461
433
358
888
104
24
471
867
372
801
177
908
14
580
393
71
921
169
997
416
32
530
624
152
119
773
928
830
17
432
423
830
216
781
717
319
156
539
537
879
339
713
786
704
293
179
126
565
699
123
980
82
4
955
233
122
79
512
952
96
295
726
277
510
858
993
828
365
883
716
244
573
429
29
276
73
559
402
989
609
876
968
690
879
274
274
353
352
786
304
799
432
381
75
942
239
419
-1
603
301
837
198
225
617
227
501
41
137
254
29
746
481
348
787
711
621
413
63
324
550
718
475
981
451
549
922
41
320
395
643
972
583
841
197
551
419
49
943
907
654
971
652
486
670
791
196
642
203
611
965
752
680
439
732
130
340
6
522
11
752
165
982
334
357
178
884
127
578
826
33
231
-1
37
716
169
827
264
810
381
226
126
484
905
917
567
387
256
572
908
266
675
424
599
8
132
129
243
610
706
420
643
289
567
679
4
87
857
619
896
589
844
22
72
101
938
638
839
545
562
746
162
236
-1
112
596
5
240
838
615
298
610
609
586
176
639
941
263
495
560
510
435
403
883
506
503
172
495
341
716
408
439
229
996
312
341
591
668
580
780
282
229
389
890
814
917
880
107
531
726
666
40
160
420
275
17
275
446
512
967
162
271
757
742
266
420
82
208
88
14
988
721
242
728
611
408
644
842
514
-1
568
531
918
727
302
192
744
576
637
607
895
150
877
651
892
143
71
325
350
158
338
689
878
932
417
840
339
412
682
204
938
249
86
207
327
387
398
70
315
386
676
-1
536
905
859
779
399
281
103
100
438
793
789
668
724
557
859
62
320
892
617
257
492
54
463
819
440
212
240
754
598
268
962
485
172
173
263
570
453
717
669
243
509
809
262
232
365
120
645
-1
364
613
293
855
666
108
25
458
319
265
211
268
532
525
752
703
49
366
624
501
83
292
743
943
101
356
527
817
476
171
501
191
136
146
397
801
253
422
258
923
38
821
191
569
697
942
623
745
660
246
245
742
889
340
36
341
695
562
158
522
733
10
712
220
155
109
20
407
882
630
330
919
450
872
487
146
813
461
242
824
58
486
565
946
177
953
287
224
514
796
745
598
805
809
817
312
269
189
70
150
818
751
68
619
622
906
116
787
718
357
610
775
194
527
72
723
479
710
946
992
505
690
590
662
850
758
973
118
946
42
619
115
793
38
733
766
295
200
552
12
908
162
138
102
688
210
824
166
271
121
509
776
162
450
789
12
208
761
481
505
154
100
620
298
489
704
64
784
904
615
147
163
128
285
616
815
846
439
332
116
911
841
243
73
290
31
84
849
143
564
354
649
15
973
946
504
676
361
639
931
976
137
446
103
773
61
270
618
500
601
86
410
793
328
834
83
711
917
931
205
833
636
853
847
608
799
702
636
511
692
918
486
829
363
941
601
424
562
571
275
162
656
36
307
335
870
741
397
138
23
602
970
659
454
169
266
604
870
253
115
914
523
952
742
885
244
694
660
805
264
934
319
271
322
625
958
191
717
354
328
739
307
650
397
761
818
15
716
39
267
182
952
141
486
45
26
729
739
37
886
354
323
556
625
644
532
582
186
248
287
865
986
594
514
383
706
331
397
773
722
15
955
673
156
792
70
533
520
808
569
757
161
891
312
137
886
843
70
71
442
709
288
428
302
801
162
359
484
910
131
205
276
437
229
783
228
298
315
100
457
236
856
618
478
520
106
716
714
528
138
156
236
425
935
889
226
96
247
61
5
377
265
280
814
845
63
41
143
729
492
599
316
348
568
146
219
26
861
932
553
998
439
140
775
373
28
1000
468
274
412
472
650
28
104
815
872
518
208
366
246
699
317
914
398
884
59
616
261
271
548
813
620
986
952
394
359
331
745
178
604
156
650
606
183
105
420
55
622
979
772
219
678
88
132
75
972
542
43
584
812
590
749
432
927
52
825
637
383
570
815
986
77
816
943
260
920
363
666
893
693
437
111
370
525
243
797
848
784
839
431
948
780
179
731
58
231
555
695
965
476
861
950
905
676
245
164
947
959
829
839
651
265
301
373
141
543
521
988
679
359
419
978
490
949
708
899
531
614
945
495
442
805
797
346
832
41
509
130
999
689
320
649
953
621
21
94
515
541
433
545
251
851
522
92
152
229
343
682
843
287
529
284
92
325
629
275
717
489
405
715
177
724
715
481
696
88
926
211
980
-1
755
583
561
629
26
712
857
368
746
51
655
274
686
98
598
666
372
314
154
128
380
682
204
446
163
899
533
440
461
865
798
216
447
711
196
824
422
404
192
167
455
846
440
492
295
389
158
666
54
663
146
785
697
349
231
211
247
115
650
708
979
800
275
777
510
822
601
931
225
792
450
31
989
241
523
283
630
32
300
35
46
445
820
742
145
50
952
744
164
954
451
143
753
77
919
614
250
871
896
474
14
345
505
2
586
379
636
567
410
288
601
455
732
420
549
877
469
852
-1
633
805
422
127
909
850
397
522
99
268
418
924
281
762
428
635
699
158
622
617
567
909
218
374
641
637
274
869
458
125
-1
442
282
613
920
190
814
316
712
264
935
481
187
568
594
967
554
645
124
175
261
43
84
478
768
76
467
41
944
276
165
135
717
798
99
636
988
912
303
51
527
590
531
65
157
476
31
62
120
507
236
381
901
319
210
668
394
676
60
689
951
576
823
19
374
273
6
361
184
661
763
62
250
645
127
758
120
157
819
592
15
54
972
915
725
533
934
470
561
993
159
863
569
333
882
942
606
239
654
141
899
768
203
500
412
329
257
883
837
427
474
204
833
797
470
557
330
404
26
890
748
536
752
668
869
985
609
826
224
614
318
122
381
872
622
144
200
230
27
389
657
500
944
489
297
413
397
-1
168
422
867
916
310
970
583
178
955
544
355
178
509
672
651
890
544
624
33
95
854
411
835
862
911
130
350
559
543
98
536
62
519
754
977
828
723
912
357
29
807
63
558
315
87
209
556
982
184
941
428
389
351
263
250
261
744
951
171
286
48
58
348
919
811
676
98
886
939
807
914
97
869
824
412
307
32
967
288
567
259
716
956
610
330
557
222
73
860
393
711
259
450
410
177
613
437
627
850
728
433
115
824
653
938
587
312
321
554
599
888
164
666
195
773
347
751
995
420
610
739
482
869
188
243
397
152
679
23
353
758
807
468
582
812
405
168
123
78
73
73
965
237
739
159
361
85
261
355
856
871
93
689
91
633
931
487
136
962
862
489
719
20
956
652
831
712
172
305
789
244
378
105
832
468
263
193
552
524
899
760
746
344
448
836
976
731
674
111
692
887
951
762
907
906
766
89
970
937
746
758
180
123
215
364
590
829
556
493
704
806
604
449
149
404
636
124
134
662
587
177
548
537
290
806
795
55
895
764
991
640
873
523
114
87
886
55
268
793
899
971
950
503
772
99
906
407
574
391
68
512
567
968
49
856
-1
195
263
667
310
253
-1
182
127
771
621
364
177
888
508
76
210
458
578
981
556
835
740
481
225
807
993
143
126
393
350
899
587
612
917
896
217
575
429
343
697
401
59
226
640
566
301
850
375
230
182
930
64
921
411
640
80
403
782
205
795
131
103
733
95
372
980
311
298
408
5
346
161
63
571
800
981
871
1
355
100
183
637
515
103
399
154
182
153
287
387
299
418
841
31
512
212
10
174
861
769
530
207
929
593
777
729
925
1000
729
631
99
911
267
966
366
665
471
547
817
758
-1
115
527
478
497
390
689
506
563
902
627
92
108
555
36
884
283
312
883
364
943
334
626
209
299
991
226
121
890
394
878
526
861
404
3
357
793
44
215
707
945
841
799
52
395
186
287
30
498
522
745
440
855
722
1000
505
65
577
625
954
971
855
479
183
258
482
891
403
525
105
109
469
297
259
872
44
445
158
-1
294
679
169
85
885
890
436
389
954
13
366
259
335
220
90
517
829
571
407
583
447
864
692
267
160
302
138
555
98
647
979
391
678
499
827
562
389
263
303
694
627
20
305
961
591
394
829
419
964
587
354
762
802
45
28
314
698
517
868
796
515
847
538
192
345
365
106
85
979
408
131
605
779
435
917
369
828
745
139
143
683
492
904
485
888
283
798
586
799
17
733
313
215
622
857
912
338
962
996
316
721
478
272
851
912
188
219
91
284
709
233
967
201
488
803
440
770
952
25
568
968
109
233
535
83
441
446
420
754
793
88
826
271
359
676
534
547
894
625
182
954
209
148
154
697
302
594
466
253
970
386
573
431
970
459
513
410
904
932
515
48
371
340
670
730
15
204
628
260
180
809
213
740
309
719
436
610
664
254
215
633
991
139
415
960
597
927
721
852
211
235
899
581
574
569
662
940
124
289
199
655
450
411
746
758
481
182
719
144
787
285
777
777
423
543
88
371
822
808
222
384
394
473
316
319
41
978
258
516
618
456
522
67
218
267
176
699
800
247
842
586
531
970
714
954
865
801
324
686
960
898
421
353
370
736
671
762
65
280
277
683
87
150
101
305
416
277
355
216
523
548
153
405
870
867
358
86
19
34
771
979
283
543
331
652
278
354
413
343
633
41
377
720
190
477
376
957
105
82
524
979
981
677
384
850
895
93
935
913
478
57
891
760
599
574
763
229
927
527
923
911
567
299
630
108
775
357
65
-1
438
588
210
419
616
945
620
862
390
907
775
867
315
17
979
266
590
741
494
868
268
416
779
186
714
760
294
840
117
710
423
906
649
985
324
617
929
296
478
670
202
604
889
516
621
867
781
562
959
626
782
-1
41
560
764
106
671
409
298
139
470
720
45
470
56
720
86
337
15
564
6
568
167
894
436
139
112
216
701
71
194
482
1000
586
393
763
692
415
523
341
554
344
412
950
814
468
21
899
804
388
814
809
955
333
55
390
471
166
958
523
588
151
4
588
736
748
702
779
163
577
119
68
920
883
17
733
350
37
984
505
424
797
665
731
129
719
472
952
237
429
474
824
579
830
763
667
577
817
445
91
393
916
158
312
798
526
397
499
915
380
355
690
528
19
420
657
738
892
960
326
320
433
501
251
262
264
917
839
80
713
929
824
980
439
135
129
964
883
627
878
262
981
568
142
352
339
150
89
582
109
766
902
541
266
504
803
529
772
993
960
836
273
783
816
63
270
944
27
152
923
256
766
255
175
907
606
514
56
46
95
164
811
348
56
77
203
858
957
326
202
917
162
475
51
329
537
320
272
915
472
546
523
589
801
697
495
758
210
902
156
657
417
966
356
472
394
559
682
351
884
883
619
45
709
669
373
598
341
997
512
812
894
34
752
46
83
246
804
644
499
959
300
915
276
656
386
670
566
67
372
801
302
342
198
10
362
570
607
702
918
471
865
164
856
616
209
290
213
12
934
711
322
233
977
950
240
715
971
157
781
342
958
82
35
155
444
748
76
402
450
346
872
666
509
80
634
717
369
846
81
302
909
402
887
885
351
478
951
321
635
732
14
944
165
400
98
960
148
173
362
949
870
585
614
378
664
247
95
385
445
175
38
705
928
276
941
631
106
892
303
92
623
669
35
139
68
132
99
567
656
812
515
526
396
481
255
412
79
349
148
523
875
185
227
803
813
168
433
918
59
87
9
33
755
395
523
823
878
973
389
533
784
256
410
180
736
665
943
814
365
90
689
240
626
915
42
438
434
826
707
844
912
67
876
667
461
751
841
338
723
581
223
859
836
984
38
571
1000
332
737
365
421
425
956
46
691
349
836
125
526
894
320
437
961
196
455
773
298
647
463
20
228
37
230
63
20
267
986
372
950
722
88
370
146
43
768
188
391
603
664
916
496
984
704
808
531
511
581
828
157
395
199
384
431
429
447
450
47
432
173
997
505
260
366
2
302
485
189
44
439
853
311
287
-1
15
94
718
877
26
545
33
420
95
769
850
523
567
652
570
350
824
918
854
436
635
855
737
120
395
133
558
599
443
844
786
809
290
503
685
315
399
718
87
494
838
288
368
404
291
289
753
467
206
606
902
841
812
990
312
206
122
869
805
917
65
942
725
354
445
410
20
195
479
458
40
668
746
408
71
36
696
823
502
254
780
755
94
591
745
757
148
866
625
304
134
41
246
859
746
42
620
766
588
450
223
628
117
320
35
187
708
82
361
209
335
492
964
428
82
60
536
581
277
161
237
411
553
834
269
299
875
240
416
814
41
990
441
157
310
475
695
17
909
407
577
243
898
540
23
331
599
558
263
228
70
499
638
623
332
258
921
558
497
688
372
889
677
812
45
986
639
91
2
547
849
579
789
746
470
163
428
421
721
690
648
790
189
637
412
520
894
684
78
742
371
801
630
48
964
26
385
602
468
387
500
316
317
641
61
138
803
840
910
523
529
909
665
717
545
76
589
438
112
18
531
482
818
160
881
781
537
266
735
4
4
234
319
320
226
731
809
29
570
719
903
99
627
567
167
172
995
755
961
106
772
492
939
941
3
820
722
540
437
456
543
440
41
862
111
267
944
271
647
866
989
549
964
968
468
482
491
462
237
451
567
360
294
857
301
297
28
374
836
464
181
378
255
221
591
365
839
887
636
485
752
976
386
67
295
853
548
785
314
136
588
232
496
881
88
148
177
116
521
364
579
701
94
186
273
684
550
112
922
537
596
673
865
981
739
159
833
639
944
498
774
531
729
621
763
169
-1
940
284
288
655
214
340
748
399
613
784
301
724
705
189
671
378
53
652
468
212
836
458
507
686
232
389
414
204
151
934
972
442
217
611
97
783
303
844
181
915
627
833
638
684
22
660
413
74
663
232
637
851
690
495
536
921
883
301
476
34
235
447
827
451
410
923
585
712
119
766
626
97
598
615
780
619
274
192
45
289
424
33
139
465
528
674
737
410
974
212
795
208
659
622
11
420
896
595
131
14
712
108
111
662
722
242
632
347
786
676
635
561
709
773
25
588
798
761
997
772
972
144
331
982
117
693
401
12
288
531
26
351
638
488
12
711
729
644
58
514
671
44
426
731
169
450
318
966
210
667
89
534
810
420
515
926
112
916
289
751
798
314
102
436
801
465
146
882
108
555
747
779
951
173
509
119
974
179
84
184
845
173
717
654
944
-1
931
407
498
219
158
296
885
611
83
37
75
580
918
535
487
17
665
437
541
525
555
514
703
990
697
547
514
765
552
457
700
834
864
549
53
373
196
289
983
278
325
409
210
595
295
696
963
959
132
503
484
38
16
186
379
65
85
893
829
636
701
880
470
916
429
874
640
624
162
974
254
838
383
463
432
677
158
394
988
641
248
471
678
264
8
56
328
92
300
508
80
1
388
901
268
816
774
908
791
287
881
44
124
615
506
908
292
15
653
631
655
901
101
332
164
460
740
843
904
39
350
983
391
89
883
659
256
8
918
47
646
798
90
769
413
948
28
56
962
33
686
617
933
138
300
448
597
39
642
852
430
991
834
820
80
68
830
687
427
99
733
72
897
175
193
661
122
572
716
83
604
753
699
888
890
999
335
838
389
976
690
818
319
875
990
750
295
171
436
721
270
521
793
166
695
337
178
816
908
245
898
512
997
949
751
238
947
86
427
687
413
468
505
83
343
494
184
637
664
972
709
285
492
853
802
186
189
979
1
449
223
250
312
571
198
62
808
496
499
587
183
912
54
39
346
396
884
530
384
899
501
445
184
344
297
985
529
838
964
881
286
538
130
597
109
680
658
268
-1
157
854
61
420
260
99
117
7
982
646
391
881
498
187
416
193
483
400
721
320
715
953
957
605
435
553
65
114
211
332
992
719
538
53
138
149
503
254
155
837
252
545
69
101
731
484
294
566
235
366
237
950
319
194
554
753
746
618
218
308
301
209
26
190
613
515
338
468
121
-1
656
724
389
724
824
472
559
469
389
793
835
625
94
153
818
647
905
916
616
474
223
269
682
601
810
647
467
500
114
587
344
769
310
732
844
486
555
402
954
943
194
788
920
640
292
89
286
548
4
254
21
579
874
55
179
683
701
645
182
166
584
525
934
893
609
129
378
515
882
332
810
427
471
729
66
763
817
352
662
173
957
683
751
830
737
281
864
437
277
398
602
860
274
887
105
234
367
482
749
248
165
910
674
988
990
740
750
158
443
763
330
399
445
80
580
533
712
795
969
989
192
922
848
466
160
952
699
878
786
799
125
302
708
151
289
49
890
390
207
684
153
536
434
597
968
13
130
679
159
450
19
351
724
867
168
235
170
866
113
307
17
589
609
76
739
897
125
980
287
683
663
439
218
96
387
537
460
868
568
619
670
586
321
393
804
488
979
326
705
91
632
73
32
240
149
770
489
625
750
775
307
764
565
876
212
951
413
671
171
332
641
840
917
313
584
73
800
562
398
857
5
381
929
36
621
429
157
461
53
258
235
359
22
151
587
585
101
999
607
623
330
600
462
598
912
397
670
64
311
419
920
315
800
200
702
772
629
210
232
681
468
818
392
841
968
978
777
420
328
383
43
9
982
856
958
894
605
980
957
915
750
228
581
549
427
282
672
55
843
255
88
662
424
831
854
391
160
630
163
839
13
205
847
994
412
156
239
16
135
547
930
885
774
510
785
553
143
809
959
986
63
46
999
487
228
853
229
387
482
391
225
494
947
423
840
359
931
78
726
65
977
8
301
750
517
438
654
12
246
613
349
660
10
347
498
238
199
727
976
681
469
201
526
416
975
365
126
905
795
851
322
771
858
974
520
727
411
174
738
8
138
86
20
147
784
517
384
983
595
360
663
64
912
188
479
238
905
604
495
699
806
816
469
664
141
340
390
904
865
479
911
2
916
282
149
699
799
884
681
393
595
695
456
858
235
286
448
139
241
942
837
47
109
657
710
249
996
451
152
861
281
415
862
196
696
362
894
494
598
927
239
544
973
46
402
207
332
201
697
572
142
885
618
250
541
679
498
889
481
2
749
761
416
962
308
111
324
554
957
273
480
547
816
804
592
569
11
923
769
59
847
262
944
816
511
836
847
-1
724
679
362
472
792
129
786
99
591
461
652
899
733
483
445
900
287
37
821
649
311
941
59
157
203
2
325
713
190
171
425
265
849
138
89
640
266
874
91
857
334
94
755
418
577
200
317
215
588
137
215
898
78
273
407
632
627
731
696
816
253
121
80
453
258
168
445
524
41
535
732
726
628
838
143
556
389
812
770
976
300
984
226
729
257
632
360
883
714
56
50
318
176
481
770
785
649
214
660
41
100
743
119
728
581
261
635
969
424
405
297
724
740
522
452
348
505
812
582
218
219
983
535
746
464
656
530
464
222
542
856
321
284
974
400
864
587
35
833
10
791
481
733
882
2
537
230
506
348
163
75
566
146
609
663
609
616
192
72
837
733
927
510
17
253